入力ビット列：000110011010000000100000001

hamming_distance：6  0 00010011010 1 000101 00100111
hamming_distance：6  1 00100111010 0 000001 11000011
hamming_distance：6  0 01110001010 1 100001 01000011
hamming_distance：6  0 01110011011 0 001001 01001101
hamming_distance：6  0 10110111011 1 000001 10000101
hamming_distance：6  0 10110011000 0 010001 10011001
hamming_distance：6  1 00111011001 0 000000 00001001
hamming_distance：6  1 00110011110 0 100000 00110001
hamming_distance：0  0 00110011010 0 000001 00000001
hamming_distance：6  0 00100011010 0 100011 00010010
hamming_distance：6  0 10111001010 0 000001 01100000
hamming_distance：6  0 00010010010 0 110001 00100000
